numObs1 <- 60
n_shards1 <- 8
solve_time1 <- 
c(4, 7, 9, 14, 17, 22, 26, 30)
time_index1 <- 
c(1, 1, 1, 1, 1, 2, 2, 2, 2, 2, 2, 2, 2, 2,
2, 2, 2, 2, 2, 2, 2, 3, 3, 3, 4, 4, 4, 4, 4, 4, 4, 4, 4, 4,
4, 4, 4, 4, 4, 4, 4, 5, 5, 5, 6, 6, 6, 6, 7, 7, 7, 7, 8, 8,
8, 8, 8, 8, 8, 8)
numObs2 <- 20
n_shards2 <- 3
solve_time2 <- 
c(7, 9, 14)
time_index2 <- 
c(1, 1, 1, 1, 1, 1, 1, 1, 2, 2, 2, 2, 2, 3,
3, 3, 3, 3, 3, 3)
CAR_MZ_counts <- 
c(30778.9956, 45484.753104, 78527.0052,
28840.154112, 50460.676812, 114704.48574, 141761.8818,
108124.269, 73298.2284, 59797.836, 92892.216, 92532.825,
65729.664, 81937.614, 106148.97956, 36727.236, 64877.3928,
57087.7632, 20863.344, 72603.464, 66408.700176, 84861.0528,
66214.27512, 57076.73715, 69161.9292, 68727.4368,
85036.0557, 80828.53175, 126960.636, 138459.05766, 65047.32,
37300.530416, 238018.8132, 44793.11616, 54208.99008,
61517.712672, 122813.915928, 75971.17008, 71263.6416,
88589.19168, 112330.33272, 77015.61, 100627.284,
107350.231824, 40924.40625, 69649.14852, 114725.9707,
124176.87828, 66542.89158, 116011.1458, 153920.43072,
56546.637, 76322.47788, 87170.67072, 69944.0112,
54698.74232, 65625.84, 58385.1954, 30827.18023,
35124.633152)
GC_counts <- 
c(47959.6, 278184, 303077.7, 70917.12,
137803.54, 2162771, 2899379, 2148520, 3091500, 2197440,
1340640, 2627772, 1203384, 1134870, 1244112.4, 1044680,
3330186.2, 2008454.4, 1285916.8, 3398588, 736538.4,
2124974.25, 1859386.9, 1976969.45, 1176721, 1882672,
1943973.6, 1593767.5, 1973664, 2023560, 1726255.8,
1838491.12, 3020850, 1144041.6, 1419579, 1323204.48,
1056882, 1737633.6, 1771200, 4306300.8, 2377539.72, 1706664,
1734425, 1349394.66, 751530, 944280, 654735.8, 1282554,
668599.8, 556587.9, 604630.5, 657825, 59578.2, 233355.6,
383096.7, 233614.8, 286911, 740447.4, 258661.2, 93615.76)
CAR_GC_counts <- 
c(17649.1328, 112942.704, 105167.9619,
21062.38464, 59806.73636, 1847006.434, 2513761.593,
1781123.08, 2392821, 1777728.96, 1112731.2, 2354483.712,
1012045.944, 1004359.95, 1114724.7104, 781420.64,
2470998.1604, 1743338.4192, 1167612.4544, 3187875.544,
517049.9568, 1117736.4555, 1351774.2763, 1777295.53555,
1094350.53, 1464718.816, 1807895.448, 1493360.1475,
1863138.816, 1894052.16, 1496663.7786, 1439538.54696,
2818453.05, 791676.7872, 1216579.203, 1016221.04064,
898349.7, 1124248.9392, 1645444.8, 3819688.8096,
2056571.8578, 1529170.944, 1134313.95, 948624.44598,
568156.68, 781863.84, 469445.5686, 1142755.614, 526856.6424,
513730.6317, 510308.142, 450610.125, 25678.2042,
153547.9848, 225643.9563, 158157.2196, 183623.04,
696020.556, 175889.616, 72271.36672)
CAR_MZN2_counts <- 
c(13405.7754, 11488.02336, 11981.0691,
13158.025125, 13109.9436, 12780.685386, 8708.99232,
10983.691125, 3909.1491, 7379.572816, 9225.307728,
9589.301176, 24347.5632, 7051.869, 9393.639255, 5967.5616,
2761.46708, 13560.05112, 11944.2816, 9456.4197)
CAR_GCN2_counts <- 
c(1083471.606, 923996.172, 903712.095,
1691679.8836, 1112062.38, 1235398.76364, 569871.0192,
2640092.4, 933943.92, 1585772.76, 1203242.3676,
570645.03888, 1878650.982, 610920.414, 674201.164,
787718.1312, 1269352.265, 2391385.074, 1538415.612,
1264832.50572)
GCN2_counts <- 
c(1511118, 1126824.6, 1203345, 2179999.85,
2021931.6, 1433177.22, 982536.24, 3300115.5, 1191255,
1922148.8, 1387822.8, 880625.06, 2110843.8, 652692.75,
762671, 841579.2, 1853069, 2488434, 1610906.4, 1849170.33)
ts_pred <- 
c(4, 4.05210420841683, 4.10420841683367,
4.1563126252505, 4.20841683366733, 4.26052104208417,
4.312625250501, 4.36472945891784, 4.41683366733467,
4.4689378757515, 4.52104208416834, 4.57314629258517,
4.625250501002, 4.67735470941884, 4.72945891783567,
4.7815631262525, 4.83366733466934, 4.88577154308617,
4.93787575150301, 4.98997995991984, 5.04208416833667,
5.09418837675351, 5.14629258517034, 5.19839679358717,
5.25050100200401, 5.30260521042084, 5.35470941883768,
5.40681362725451, 5.45891783567134, 5.51102204408818,
5.56312625250501, 5.61523046092184, 5.66733466933868,
5.71943887775551, 5.77154308617235, 5.82364729458918,
5.87575150300601, 5.92785571142285, 5.97995991983968,
6.03206412825651, 6.08416833667335, 6.13627254509018,
6.18837675350701, 6.24048096192385, 6.29258517034068,
6.34468937875751, 6.39679358717435, 6.44889779559118,
6.50100200400802, 6.55310621242485, 6.60521042084168,
6.65731462925852, 6.70941883767535, 6.76152304609218,
6.81362725450902, 6.86573146292585, 6.91783567134268,
6.96993987975952, 7.02204408817635, 7.07414829659319,
7.12625250501002, 7.17835671342685, 7.23046092184369,
7.28256513026052, 7.33466933867735, 7.38677354709419,
7.43887775551102, 7.49098196392786, 7.54308617234469,
7.59519038076152, 7.64729458917836, 7.69939879759519,
7.75150300601202, 7.80360721442886, 7.85571142284569,
7.90781563126252, 7.95991983967936, 8.01202404809619,
8.06412825651303, 8.11623246492986, 8.16833667334669,
8.22044088176353, 8.27254509018036, 8.32464929859719,
8.37675350701403, 8.42885771543086, 8.48096192384769,
8.53306613226453, 8.58517034068136, 8.6372745490982,
8.68937875751503, 8.74148296593186, 8.7935871743487,
8.84569138276553, 8.89779559118237, 8.9498997995992,
9.00200400801603, 9.05410821643287, 9.1062124248497,
9.15831663326653, 9.21042084168337, 9.2625250501002,
9.31462925851703, 9.36673346693387, 9.4188376753507,
9.47094188376753, 9.52304609218437, 9.5751503006012,
9.62725450901804, 9.67935871743487, 9.7314629258517,
9.78356713426854, 9.83567134268537, 9.88777555110221,
9.93987975951904, 9.99198396793587, 10.0440881763527,
10.0961923847695, 10.1482965931864, 10.2004008016032,
10.25250501002, 10.3046092184369, 10.3567134268537,
10.4088176352705, 10.4609218436874, 10.5130260521042,
10.565130260521, 10.6172344689379, 10.6693386773547,
10.7214428857715, 10.7735470941884, 10.8256513026052,
10.877755511022, 10.9298597194389, 10.9819639278557,
11.0340681362725, 11.0861723446894, 11.1382765531062,
11.190380761523, 11.2424849699399, 11.2945891783567,
11.3466933867735, 11.3987975951904, 11.4509018036072,
11.503006012024, 11.5551102204409, 11.6072144288577,
11.6593186372745, 11.7114228456914, 11.7635270541082,
11.815631262525, 11.8677354709419, 11.9198396793587,
11.9719438877756, 12.0240480961924, 12.0761523046092,
12.1282565130261, 12.1803607214429, 12.2324649298597,
12.2845691382766, 12.3366733466934, 12.3887775551102,
12.4408817635271, 12.4929859719439, 12.5450901803607,
12.5971943887776, 12.6492985971944, 12.7014028056112,
12.7535070140281, 12.8056112224449, 12.8577154308617,
12.9098196392786, 12.9619238476954, 13.0140280561122,
13.0661322645291, 13.1182364729459, 13.1703406813627,
13.2224448897796, 13.2745490981964, 13.3266533066132,
13.3787575150301, 13.4308617234469, 13.4829659318637,
13.5350701402806, 13.5871743486974, 13.6392785571142,
13.6913827655311, 13.7434869739479, 13.7955911823647,
13.8476953907816, 13.8997995991984, 13.9519038076152,
14.0040080160321, 14.0561122244489, 14.1082164328657,
14.1603206412826, 14.2124248496994, 14.2645290581162,
14.3166332665331, 14.3687374749499, 14.4208416833667,
14.4729458917836, 14.5250501002004, 14.5771543086172,
14.6292585170341, 14.6813627254509, 14.7334669338677,
14.7855711422846, 14.8376753507014, 14.8897795591182,
14.9418837675351, 14.9939879759519, 15.0460921843687,
15.0981963927856, 15.1503006012024, 15.2024048096192,
15.2545090180361, 15.3066132264529, 15.3587174348697,
15.4108216432866, 15.4629258517034, 15.5150300601202,
15.5671342685371, 15.6192384769539, 15.6713426853707,
15.7234468937876, 15.7755511022044, 15.8276553106212,
15.8797595190381, 15.9318637274549, 15.9839679358717,
16.0360721442886, 16.0881763527054, 16.1402805611222,
16.1923847695391, 16.2444889779559, 16.2965931863727,
16.3486973947896, 16.4008016032064, 16.4529058116232,
16.5050100200401, 16.5571142284569, 16.6092184368737,
16.6613226452906, 16.7134268537074, 16.7655310621242,
16.8176352705411, 16.8697394789579, 16.9218436873747,
16.9739478957916, 17.0260521042084, 17.0781563126253,
17.1302605210421, 17.1823647294589, 17.2344689378758,
17.2865731462926, 17.3386773547094, 17.3907815631263,
