numObs1 <- 60
n_shards1 <- 8
solve_time1 <- 
c(4, 7, 9, 14, 17, 22, 26, 30)
time_index1 <- 
c(1, 1, 1, 1, 1, 2, 2, 2, 2, 2, 2, 2, 2, 2,
2, 2, 2, 2, 2, 2, 2, 3, 3, 3, 4, 4, 4, 4, 4, 4, 4, 4, 4, 4,
4, 4, 4, 4, 4, 4, 4, 5, 5, 5, 6, 6, 6, 6, 7, 7, 7, 7, 8, 8,
8, 8, 8, 8, 8, 8)
numObs2 <- 20
n_shards2 <- 3
solve_time2 <- 
c(7, 9, 14)
time_index2 <- 
c(1, 1, 1, 1, 1, 1, 1, 1, 2, 2, 2, 2, 2, 3,
3, 3, 3, 3, 3, 3)
CAR_MZ_counts <- 
c(30778.9956, 45484.753104, 78527.0052,
28840.154112, 50460.676812, 114704.48574, 141761.8818,
108124.269, 73298.2284, 59797.836, 92892.216, 92532.825,
65729.664, 81937.614, 106148.97956, 36727.236, 64877.3928,
57087.7632, 20863.344, 72603.464, 66408.700176, 84861.0528,
66214.27512, 57076.73715, 69161.9292, 68727.4368,
85036.0557, 80828.53175, 126960.636, 138459.05766, 65047.32,
37300.530416, 238018.8132, 44793.11616, 54208.99008,
61517.712672, 122813.915928, 75971.17008, 71263.6416,
88589.19168, 112330.33272, 77015.61, 100627.284,
107350.231824, 40924.40625, 69649.14852, 114725.9707,
124176.87828, 66542.89158, 116011.1458, 153920.43072,
56546.637, 76322.47788, 87170.67072, 69944.0112,
54698.74232, 65625.84, 58385.1954, 30827.18023,
35124.633152)
GC_counts <- 
c(47959.6, 278184, 303077.7, 70917.12,
137803.54, 2162771, 2899379, 2148520, 3091500, 2197440,
1340640, 2627772, 1203384, 1134870, 1244112.4, 1044680,
3330186.2, 2008454.4, 1285916.8, 3398588, 736538.4,
2124974.25, 1859386.9, 1976969.45, 1176721, 1882672,
1943973.6, 1593767.5, 1973664, 2023560, 1726255.8,
1838491.12, 3020850, 1144041.6, 1419579, 1323204.48,
1056882, 1737633.6, 1771200, 4306300.8, 2377539.72, 1706664,
1734425, 1349394.66, 751530, 944280, 654735.8, 1282554,
668599.8, 556587.9, 604630.5, 657825, 59578.2, 233355.6,
383096.7, 233614.8, 286911, 740447.4, 258661.2, 93615.76)
CAR_GC_counts <- 
c(17649.1328, 112942.704, 105167.9619,
21062.38464, 59806.73636, 1847006.434, 2513761.593,
1781123.08, 2392821, 1777728.96, 1112731.2, 2354483.712,
1012045.944, 1004359.95, 1114724.7104, 781420.64,
2470998.1604, 1743338.4192, 1167612.4544, 3187875.544,
517049.9568, 1117736.4555, 1351774.2763, 1777295.53555,
1094350.53, 1464718.816, 1807895.448, 1493360.1475,
1863138.816, 1894052.16, 1496663.7786, 1439538.54696,
2818453.05, 791676.7872, 1216579.203, 1016221.04064,
898349.7, 1124248.9392, 1645444.8, 3819688.8096,
2056571.8578, 1529170.944, 1134313.95, 948624.44598,
568156.68, 781863.84, 469445.5686, 1142755.614, 526856.6424,
513730.6317, 510308.142, 450610.125, 25678.2042,
153547.9848, 225643.9563, 158157.2196, 183623.04,
696020.556, 175889.616, 72271.36672)
CAR_MZN2_counts <- 
c(13405.7754, 11488.02336, 11981.0691,
13158.025125, 13109.9436, 12780.685386, 8708.99232,
10983.691125, 3909.1491, 7379.572816, 9225.307728,
9589.301176, 24347.5632, 7051.869, 9393.639255, 5967.5616,
2761.46708, 13560.05112, 11944.2816, 9456.4197)
CAR_GCN2_counts <- 
c(1083471.606, 923996.172, 903712.095,
1691679.8836, 1112062.38, 1235398.76364, 569871.0192,
2640092.4, 933943.92, 1585772.76, 1203242.3676,
570645.03888, 1878650.982, 610920.414, 674201.164,
787718.1312, 1269352.265, 2391385.074, 1538415.612,
1264832.50572)
GCN2_counts <- 
c(1511118, 1126824.6, 1203345, 2179999.85,
2021931.6, 1433177.22, 982536.24, 3300115.5, 1191255,
1922148.8, 1387822.8, 880625.06, 2110843.8, 652692.75,
762671, 841579.2, 1853069, 2488434, 1610906.4, 1849170.33)
ts_pred <- 
c(4, 4.08695652173913, 4.17391304347826,
4.26086956521739, 4.34782608695652, 4.43478260869565,
4.52173913043478, 4.60869565217391, 4.69565217391304,
4.78260869565217, 4.8695652173913, 4.95652173913043,
5.04347826086957, 5.1304347826087, 5.21739130434783,
5.30434782608696, 5.39130434782609, 5.47826086956522,
5.56521739130435, 5.65217391304348, 5.73913043478261,
5.82608695652174, 5.91304347826087, 6, 6.08695652173913,
6.17391304347826, 6.26086956521739, 6.34782608695652,
6.43478260869565, 6.52173913043478, 6.60869565217391,
6.69565217391304, 6.78260869565217, 6.8695652173913,
6.95652173913043, 7.04347826086956, 7.1304347826087,
7.21739130434783, 7.30434782608696, 7.39130434782609,
7.47826086956522, 7.56521739130435, 7.65217391304348,
7.73913043478261, 7.82608695652174, 7.91304347826087, 8,
8.08695652173913, 8.17391304347826, 8.26086956521739,
8.34782608695652, 8.43478260869565, 8.52173913043478,
8.60869565217391, 8.69565217391304, 8.78260869565217,
8.8695652173913, 8.95652173913043, 9.04347826086957,
9.1304347826087, 9.21739130434783, 9.30434782608696,
9.39130434782609, 9.47826086956522, 9.56521739130435,
9.65217391304348, 9.73913043478261, 9.82608695652174,
9.91304347826087, 10, 10.0869565217391, 10.1739130434783,
10.2608695652174, 10.3478260869565, 10.4347826086957,
10.5217391304348, 10.6086956521739, 10.695652173913,
10.7826086956522, 10.8695652173913, 10.9565217391304,
11.0434782608696, 11.1304347826087, 11.2173913043478,
11.304347826087, 11.3913043478261, 11.4782608695652,
11.5652173913043, 11.6521739130435, 11.7391304347826,
11.8260869565217, 11.9130434782609, 12, 12.0869565217391,
12.1739130434783, 12.2608695652174, 12.3478260869565,
12.4347826086957, 12.5217391304348, 12.6086956521739,
12.695652173913, 12.7826086956522, 12.8695652173913,
12.9565217391304, 13.0434782608696, 13.1304347826087,
13.2173913043478, 13.304347826087, 13.3913043478261,
13.4782608695652, 13.5652173913043, 13.6521739130435,
13.7391304347826, 13.8260869565217, 13.9130434782609, 14,
14.0869565217391, 14.1739130434783, 14.2608695652174,
14.3478260869565, 14.4347826086957, 14.5217391304348,
14.6086956521739, 14.695652173913, 14.7826086956522,
14.8695652173913, 14.9565217391304, 15.0434782608696,
15.1304347826087, 15.2173913043478, 15.304347826087,
15.3913043478261, 15.4782608695652, 15.5652173913043,
15.6521739130435, 15.7391304347826, 15.8260869565217,
15.9130434782609, 16, 16.0869565217391, 16.1739130434783,
16.2608695652174, 16.3478260869565, 16.4347826086957,
16.5217391304348, 16.6086956521739, 16.695652173913,
16.7826086956522, 16.8695652173913, 16.9565217391304,
17.0434782608696, 17.1304347826087, 17.2173913043478,
17.304347826087, 17.3913043478261, 17.4782608695652,
17.5652173913043, 17.6521739130435, 17.7391304347826,
17.8260869565217, 17.9130434782609, 18, 18.0869565217391,
18.1739130434783, 18.2608695652174, 18.3478260869565,
18.4347826086957, 18.5217391304348, 18.6086956521739,
18.695652173913, 18.7826086956522, 18.8695652173913,
18.9565217391304, 19.0434782608696, 19.1304347826087,
19.2173913043478, 19.304347826087, 19.3913043478261,
19.4782608695652, 19.5652173913043, 19.6521739130435,
19.7391304347826, 19.8260869565217, 19.9130434782609, 20,
20.0869565217391, 20.1739130434783, 20.2608695652174,
20.3478260869565, 20.4347826086957, 20.5217391304348,
20.6086956521739, 20.695652173913, 20.7826086956522,
20.8695652173913, 20.9565217391304, 21.0434782608696,
21.1304347826087, 21.2173913043478, 21.304347826087,
21.3913043478261, 21.4782608695652, 21.5652173913043,
21.6521739130435, 21.7391304347826, 21.8260869565217,
21.9130434782609, 22, 22.0869565217391, 22.1739130434783,
22.2608695652174, 22.3478260869565, 22.4347826086957,
22.5217391304348, 22.6086956521739, 22.695652173913,
22.7826086956522, 22.8695652173913, 22.9565217391304,
23.0434782608696, 23.1304347826087, 23.2173913043478,
23.304347826087, 23.3913043478261, 23.4782608695652,
23.5652173913043, 23.6521739130435, 23.7391304347826,
23.8260869565217, 23.9130434782609, 24, 24.0869565217391,
24.1739130434783, 24.2608695652174, 24.3478260869565,
24.4347826086957, 24.5217391304348, 24.6086956521739,
24.695652173913, 24.7826086956522, 24.8695652173913,
24.9565217391304, 25.0434782608696, 25.1304347826087,
25.2173913043478, 25.304347826087, 25.3913043478261,
25.4782608695652, 25.5652173913043, 25.6521739130435,
25.7391304347826, 25.8260869565217, 25.9130434782609, 26,
26.0869565217391, 26.1739130434783, 26.2608695652174,
26.3478260869565, 26.4347826086957, 26.5217391304348,
26.6086956521739, 26.695652173913, 26.7826086956522,
26.8695652173913, 26.9565217391304, 27.0434782608696,
